((((((((((((((NAME0:0.00000,NAME21:0.00000):0.01389,NAME12:0.01389):0.05401,
((NAME5:0.02778,NAME22:0.02778):0.00694,NAME25:0.03472):0.03318):0.01003,
((NAME6:0.04167,NAME24:0.04167):0.03472,NAME14:0.07639):0.00154):0.07793,
NAME34:0.15586):0.02608,NAME46:0.18194):0.00829,((NAME13:0.04167,
NAME41:0.04167):0.03472,NAME67:0.07639):0.11385):0.01988,
((NAME11:0.15741,((NAME33:0.08333,NAME65:0.08333):0.05556,
NAME63:0.13889):0.01852):0.00231,NAME48:0.15972):0.05040):0.05085,
NAME42:0.26096):0.03528,((((NAME2:0.08333,NAME7:0.08333):0.12153,
(NAME9:0.16667,NAME35:0.16667):0.03819):0.07578,((((NAME4:0.09524,
(((NAME8:0.00000,NAME10:0.00000):0.01389,NAME29:0.01389):0.00926,
(((NAME26:0.00000,NAME50:0.00000):0.00000,NAME57:0.00000):0.01389,
NAME30:0.01389):0.00926):0.07209):0.09697,((NAME16:0.01389,
NAME37:0.01389):0.16111,((((NAME18:0.01389,NAME27:0.01389):0.01389,
NAME28:0.02778):0.00926,NAME45:0.03704):0.02199,NAME20:0.05903):0.11597):0.01721):0.03186,
NAME66:0.22407):0.05370,NAME17:0.27778):0.00286):0.01434,
NAME47:0.29497):0.00127):0.02221,(NAME60:0.26389,NAME62:0.26389):0.05456):0.01039,
(((((NAME1:0.19444,NAME59:0.19444):0.03426,((((((NAME15:0.12500,
NAME44:0.12500):0.03333,(((NAME32:0.06944,NAME38:0.06944):0.01389,
NAME54:0.08333):0.05556,(NAME49:0.09722,NAME53:0.09722):0.04167):0.01944):0.00635,
NAME19:0.16468):0.00719,NAME36:0.17188):0.03234,((NAME43:0.13889,
NAME55:0.13889):0.04861,NAME56:0.18750):0.01672):0.01840,
NAME64:0.22262):0.00609):0.01157,(NAME52:0.12500,NAME61:0.12500):0.11528):0.01476,
(NAME3:0.20139,(NAME31:0.02778,NAME51:0.02778):0.17361):0.05365):0.01973,
NAME23:0.27476):0.05408):0.01769,NAME58:0.34653):0.01864,
(NAME39:0.10938,NAME40:0.10938):0.25580);
