((((((((((((((
CP007016-CRT_1327703_1328134-R:0.00000,
NZ_CP016394-CRT_1294523_1295350-F:0.00000):0.01389,
NC_013798-CRT_1515490_1516317-R:0.01389):0.05401,
((
CP013722-CRT_1793158_1794580-F:0.02778,
NZ_CP017267-CRT_680341_681498-F:0.02778):0.00694,
NZ_LR134341-CRT_388740_389368-R:0.03472):0.03318):0.01003,
((
NC_002737-CRT_860819_861250-F:0.04167,
NZ_LR134273-CRT_1402277_1402773-R:0.04167):0.03472,
NC_017316-CRT_422486_422984-F:0.07639):0.00154):0.07793,

NC_022196-CRT_944985_946274-F:0.15586):0.02608,
NZ_LR134094-CRT_1253217_1254638-R:0.18194):0.00829,((
NC_014363-CRT_1403851_1405845-R:0.04167,

NC_015389-CRT_2042179_2042805-F:0.04167):0.03472,
NC_015738-CRT_2679629_2682490-R:0.07639):0.11385):0.01988,
((
NC_010376-CRT_79845_80806-F:0.15741,((
NC_016630-CRT_472155_473908-R:0.08333,
NZ_CP022121-CRT_3404717_3406935-R:0.08333):0.05556,

NC_002967-CRT_367153_370949-F:0.13889):0.01852):0.00231,
NC_016077-CRT_1011010_1014466-F:0.15972):0.05040):0.05085,

NZ_CP012357-CRT_683060_685471-F:0.26096):0.03528,((((
CP011368-CRT_382295_383385-R:0.08333,
NC_004829-CRT_925156_932121-F:0.08333):0.12153,
(
NC_007294-CRT_690229_690988-F:0.16667,
NZ_CP007229-CRT_107394_108618-R:0.16667):0.03819):0.07578,((((
CP013476-CRT_1349788_1351075-F:0.09524,
(((
NC_006449-CRT_625101_627844-F:0.00000,
NC_009785-CRT_1422480_1424232-R:0.00000):0.01389,
CP012805-CRT_910140_911363-F:0.01389):0.00926,
(((
CP002007-CRT_888781_889276-F:0.00000,
NC_015433-CRT_1318035_1320834-R:0.00000):0.00000,
CP012911-CRT_1371281_1371645-R:0.00000):0.01389,

CP013688-CRT_588267_589886-F:0.01389):0.00926):0.07209):0.09697,((
NC_017568-CRT_684166_685711-F:0.01389,

NZ_LR134263-CRT_758884_760099-F:0.01389):0.16111,((((
NC_022737-CRT_1376467_1376963-R:0.01389,
CP008747-CRT_225769_226662-F:0.01389):0.01389,

CP009676-CRT_1544995_1546080-R:0.02778):0.00926,
NZ_CP020773-CRT_1522665_1523230-F:0.03704):0.02199,
NZ_CP014016-CRT_2570472_2571034-F:0.05903):0.11597):0.01721):0.03186,

NZ_AP018335-CRT_1080086_1081771-F:0.22407):0.05370,
NC_022538-CRT_311136_314336-F:0.27778):0.00286):0.01434,

NZ_LR134293-CRT_1463181_1463348-R:0.29497):0.00127):0.02221,(
NZ_CP016491-CRT_123447_123944-R:0.26389,
NZ_CP031003-CRT_926931_928287-R:0.26389):0.05456):0.01039,
(((((
CP009531-CRT_364241_364870-F:0.19444,
NZ_CP011013-CRT_1511617_1514091-R:0.19444):0.03426,((((((
NC_017477-CRT_1199794_1201611-R:0.12500,

NZ_CP016393-CRT_209407_212084-R:0.12500):0.03333,(((
NC_015428-CRT_1943645_1945330-R:0.06944,
CP011403-CRT_124138_124832-F:0.06944):0.01389,

NZ_CP013130-CRT_302519_303280-R:0.08333):0.05556,(
NZ_CP018809-CRT_1376549_1378168-R:0.09722,
NC_022780-CRT_480897_481526-F:0.09722):0.04167):0.01944):0.00635,

NZ_CP012288-CRT_1234031_1235322-F:0.16468):0.00719,
NZ_CP021456-CRT_2319237_2319998-R:0.17188):0.03234,((
NZ_CP014912-CRT_1499870_1500829-F:0.13889,

NZ_CP016602-CRT_1339981_1341865-F:0.13889):0.04861,
NZ_LT854705-CRT_185878_186309-F:0.18750):0.01672):0.01840,

NC_015978-CRT_838201_838367-R:0.22262):0.00609):0.01157,(
NC_018631-CRT_1340926_1343601-R:0.12500,
NZ_CP029684-CRT_52051_53604-R:0.12500):0.11528):0.01476,
(
CP012343-CRT_2563734_2564693-F:0.20139,(
NC_013198-CRT_2265855_2267474-R:0.02778,
NC_010999-CRT_2327048_2328469-R:0.02778):0.17361):0.05365):0.01973,

NZ_CP021104-CRT_971501_972922-F:0.27476):0.05408):0.01769,
NC_012781-CRT_1596898_1599829-R:0.34653):0.01864,
(
NC_008024-CRT_1317063_1317423-R:0.10938,
NC_011134-CRT_581380_582010-F:0.10938):0.25580);
